0.980000 
1.980000 
2.980000 
3.980000 
4.980000 
5.980000 
6.980000 
7.980000 
8.980000 
9.980000 
10.980000 
11.980000 
12.980000 
13.980000 
14.980000 
15.980000 
16.980000 
17.980000 
18.980000 
19.980000 
20.980000 
21.980000 
22.980000 
23.980000 
24.980000 
25.980000 
26.980000 
27.980000 
28.980000 
29.980000 
30.980000 
31.980000 
32.980000 
33.980000 
34.980000 
35.980000 
36.980000 
37.980000 
38.980000 
39.980000 
40.980000 
41.980000 
42.980000 
43.980000 
44.980000 
45.980000 
46.980000 
47.980000 
48.980000 
49.980000 
50.980000 
51.980000 
52.980000 
53.980000 
54.980000 
55.980000 
56.980000 
57.980000 
58.980000 
59.980000 
60.980000 
61.980000 
62.980000 
63.980000 
64.980000 
65.980000 
66.980000 
67.980000 
68.980000 
69.980000 
70.980000 
71.980000 
72.980000 
73.980000 
74.980000 
75.980000 
76.980000 
77.980000 
78.980000 
79.980000 
80.980000 
81.980000 
82.980000 
83.980000 
84.980000 
85.980000 
86.980000 
87.980000 
88.980000 
89.980000 
90.980000 
91.980000 
92.980000 
93.980000 
94.980000 
95.980000 
96.980000 
97.980000 
98.980000 
99.980000 
100.980000 
101.980000 
102.980000 
103.980000 
104.980000 
105.980000 
106.980000 
107.980000 
108.980000 
109.980000 
110.980000 
111.980000 
112.980000 
113.980000 
114.980000 
115.980000 
116.980000 
117.980000 
118.980000 
119.980000 
120.980000 
121.980000 
122.980000 
123.980000 
124.980000 
125.980000 
126.980000 
127.980000 
128.980000 
129.980000 
130.980000 
131.980000 
132.980000 
133.980000 
134.980000 
135.980000 
136.980000 
137.980000 
138.980000 
139.980000 
140.980000 
141.980000 
142.980000 
143.980000 
144.980000 
145.980000 
146.980000 
147.980000 
148.980000 
149.980000 
150.980000 
151.980000 
152.980000 
153.980000 
154.980000 
155.980000 
156.980000 
157.980000 
158.980000 
159.980000 
160.980000 
161.980000 
162.980000 
163.980000 
164.980000 
165.980000 
166.980000 
167.980000 
168.980000 
169.980000 
170.980000 
171.980000 
172.980000 
173.980000 
174.980000 
175.980000 
176.980000 
177.980000 
178.980000 
179.980000 
180.980000 
181.980000 
182.980000 
183.980000 
184.980000 
185.980000 
186.980000 
187.980000 
188.980000 
189.980000 
190.980000 
191.980000 
192.980000 
193.980000 
194.980000 
195.980000 
196.980000 
197.980000 
198.980000 
199.980000 
200.980000 
201.980000 
202.980000 
203.980000 
204.980000 
205.980000 
206.980000 
207.980000 
208.980000 
209.980000 
210.980000 
211.980000 
212.980000 
213.980000 
214.980000 
215.980000 
216.980000 
217.980000 
218.980000 
219.980000 
220.980000 
221.980000 
222.980000 
223.980000 
224.980000 
225.980000 
226.980000 
227.980000 
228.980000 
229.980000 
230.980000 
231.980000 
232.980000 
233.980000 
234.980000 
235.980000 
236.980000 
237.980000 
238.980000 
239.980000 
240.980000 
241.980000 
242.980000 
243.980000 
244.980000 
245.980000 
246.980000 
247.980000 
248.980000 
249.980000 
250.980000 
251.980000 
252.980000 
253.980000 
254.980000 
255.980000 
256.980000 
257.980000 
258.980000 
259.980000 
260.980000 
261.980000 
262.980000 
263.980000 
264.980000 
265.980000 
266.980000 
267.980000 
268.980000 
269.980000 
270.980000 
271.980000 
272.980000 
273.980000 
274.980000 
275.980000 
276.980000 
277.980000 
278.980000 
279.980000 
280.980000 
281.980000 
282.980000 
283.980000 
284.980000 
285.980000 
286.980000 
287.980000 
288.980000 
289.980000 
290.980000 
291.980000 
292.980000 
293.980000 
294.980000 
295.980000 
296.980000 
297.980000 
298.980000 
299.980000 
300.980000 
301.980000 
302.980000 
303.980000 
304.980000 
305.980000 
306.980000 
307.980000 
308.980000 
309.980000 
310.980000 
311.980000 
312.980000 
313.980000 
314.980000 
315.980000 
316.980000 
317.980000 
318.980000 
319.980000 
320.980000 
321.980000 
322.980000 
323.980000 
324.980000 
325.980000 
326.980000 
327.980000 
328.980000 
329.980000 
330.980000 
331.980000 
332.980000 
333.980000 
334.980000 
335.980000 
336.980000 
337.980000 
338.980000 
339.980000 
340.980000 
341.980000 
342.980000 
343.980000 
344.980000 
345.980000 
346.980000 
347.980000 
348.980000 
349.980000 
350.980000 
351.980000 
352.980000 
353.980000 
354.980000 
355.980000 
356.980000 
357.980000 
358.980000 
359.980000 
360.980000 
361.980000 
362.980000 
363.980000 
364.980000 
365.980000 
366.980000 
367.980000 
368.980000 
369.980000 
370.980000 
371.980000 
372.980000 
373.980000 
374.980000 
375.980000 
376.980000 
377.980000 
378.980000 
379.980000 
380.980000 
381.980000 
382.980000 
383.980000 
384.980000 
385.980000 
386.980000 
387.980000 
388.980000 
389.980000 
390.980000 
391.980000 
392.980000 
393.980000 
394.980000 
395.980000 
396.980000 
397.980000 
398.980000 
399.980000 
400.980000 
401.980000 
402.980000 
403.980000 
404.980000 
405.980000 
406.980000 
407.980000 
408.980000 
409.980000 
410.980000 
411.980000 
412.980000 
413.980000 
414.980000 
415.980000 
416.980000 
417.980000 
418.980000 
419.980000 
420.980000 
421.980000 
422.980000 
423.980000 
424.980000 
425.980000 
426.980000 
427.980000 
428.980000 
429.980000 
430.980000 
431.980000 
432.980000 
433.980000 
434.980000 
435.980000 
436.980000 
437.980000 
438.980000 
439.980000 
440.980000 
441.980000 
442.980000 
443.980000 
444.980000 
445.980000 
446.980000 
447.980000 
448.980000 
449.980000 
450.980000 
451.980000 
452.980000 
453.980000 
454.980000 
455.980000 
456.980000 
457.980000 
458.980000 
459.980000 
460.980000 
461.980000 
462.980000 
463.980000 
464.980000 
465.980000 
466.980000 
467.980000 
468.980000 
469.980000 
470.980000 
471.980000 
472.980000 
473.980000 
474.980000 
475.980000 
476.980000 
477.980000 
478.980000 
479.980000 
480.980000 
481.980000 
482.980000 
483.980000 
484.980000 
485.980000 
486.980000 
487.980000 
488.980000 
489.980000 
490.980000 
491.980000 
492.980000 
493.980000 
494.980000 
495.980000 
496.980000 
497.980000 
498.980000 
499.980000 
500.980000 
501.980000 
502.980000 
503.980000 
504.980000 
505.980000 
506.980000 
507.980000 
508.980000 
509.980000 
510.980000 
511.980000 
512.980000 
513.980000 
514.980000 
515.980000 
516.980000 
517.980000 
518.980000 
519.980000 
520.980000 
521.980000 
522.980000 
523.980000 
524.980000 
525.980000 
526.980000 
527.980000 
528.980000 
529.980000 
530.980000 
531.980000 
532.980000 
533.980000 
534.980000 
535.980000 
536.980000 
537.980000 
538.980000 
539.980000 
540.980000 
541.980000 
542.980000 
543.980000 
544.980000 
545.980000 
546.980000 
547.980000 
548.980000 
549.980000 
550.980000 
551.980000 
552.980000 
553.980000 
554.980000 
555.980000 
556.980000 
557.980000 
558.980000 
559.980000 
560.980000 
561.980000 
562.980000 
563.980000 
564.980000 
565.980000 
566.980000 
567.980000 
568.980000 
569.980000 
570.980000 
571.980000 
572.980000 
573.980000 
574.980000 
575.980000 
576.980000 
577.980000 
578.980000 
579.980000 
580.980000 
581.980000 
582.980000 
583.980000 
584.980000 
585.980000 
586.980000 
587.980000 
588.980000 
589.980000 
590.980000 
591.980000 
592.980000 
593.980000 
594.980000 
595.980000 
596.980000 
597.980000 
598.980000 
599.980000 
600.980000 
601.980000 
602.980000 
603.980000 
604.980000 
605.980000 
606.980000 
607.980000 
608.980000 
609.980000 
610.980000 
611.980000 
612.980000 
613.980000 
614.980000 
615.980000 
616.980000 
617.980000 
618.980000 
619.980000 
620.980000 
621.980000 
622.980000 
623.980000 
624.980000 
625.980000 
626.980000 
627.980000 
628.980000 
629.980000 
630.980000 
631.980000 
632.980000 
633.980000 
634.980000 
635.980000 
636.980000 
637.980000 
638.980000 
639.980000 
640.980000 
641.980000 
642.980000 
643.980000 
644.980000 
645.980000 
646.980000 
647.980000 
648.980000 
649.980000 
650.980000 
651.980000 
652.980000 
653.980000 
654.980000 
655.980000 
656.980000 
657.980000 
658.980000 
659.980000 
660.980000 
661.980000 
662.980000 
663.980000 
664.980000 
665.980000 
666.980000 
667.980000 
668.980000 
669.980000 
670.980000 
671.980000 
672.980000 
673.980000 
674.980000 
675.980000 
676.980000 
677.980000 
678.980000 
679.980000 
680.980000 
681.980000 
682.980000 
683.980000 
684.980000 
685.980000 
686.980000 
687.980000 
688.980000 
689.980000 
690.980000 
691.980000 
692.980000 
693.980000 
694.980000 
695.980000 
696.980000 
697.980000 
698.980000 
699.980000 
700.980000 
701.980000 
702.980000 
703.980000 
704.980000 
705.980000 
706.980000 
707.980000 
708.980000 
709.980000 
710.980000 
711.980000 
712.980000 
713.980000 
714.980000 
715.980000 
716.980000 
717.980000 
718.980000 
719.980000 
720.980000 
721.980000 
722.980000 
723.980000 
724.980000 
725.980000 
726.980000 
727.980000 
728.980000 
729.980000 
730.980000 
731.980000 
732.980000 
733.980000 
734.980000 
735.980000 
736.980000 
737.980000 
738.980000 
739.980000 
740.980000 
741.980000 
742.980000 
743.980000 
744.980000 
745.980000 
746.980000 
747.980000 
748.980000 
749.980000 
750.980000 
751.980000 
752.980000 
753.980000 
754.980000 
755.980000 
756.980000 
757.980000 
758.980000 
759.980000 
760.980000 
761.980000 
762.980000 
763.980000 
764.980000 
765.980000 
766.980000 
767.980000 
768.980000 
769.980000 
770.980000 
771.980000 
772.980000 
773.980000 
774.980000 
775.980000 
776.980000 
777.980000 
778.980000 
779.980000 
780.980000 
781.980000 
782.980000 
783.980000 
784.980000 
785.980000 
786.980000 
787.980000 
788.980000 
789.980000 
790.980000 
791.980000 
792.980000 
793.980000 
794.980000 
795.980000 
796.980000 
797.980000 
798.980000 
799.980000 
800.980000 
801.980000 
802.980000 
803.980000 
804.980000 
805.980000 
806.980000 
807.980000 
808.980000 
809.980000 
810.980000 
811.980000 
812.980000 
813.980000 
814.980000 
815.980000 
816.980000 
817.980000 
818.980000 
819.980000 
820.980000 
821.980000 
822.980000 
823.980000 
824.980000 
825.980000 
826.980000 
827.980000 
828.980000 
829.980000 
830.980000 
831.980000 
832.980000 
833.980000 
834.980000 
835.980000 
836.980000 
837.980000 
838.980000 
839.980000 
840.980000 
841.980000 
842.980000 
843.980000 
844.980000 
845.980000 
846.980000 
847.980000 
848.980000 
849.980000 
850.980000 
851.980000 
852.980000 
853.980000 
854.980000 
855.980000 
856.980000 
857.980000 
858.980000 
859.980000 
860.980000 
861.980000 
862.980000 
863.980000 
864.980000 
865.980000 
866.980000 
867.980000 
868.980000 
869.980000 
870.980000 
871.980000 
872.980000 
873.980000 
874.980000 
875.980000 
876.980000 
877.980000 
878.980000 
879.980000 
880.980000 
881.980000 
882.980000 
883.980000 
884.980000 
885.980000 
886.980000 
887.980000 
888.980000 
889.980000 
890.980000 
891.980000 
892.980000 
893.980000 
894.980000 
895.980000 
896.980000 
897.980000 
898.980000 
899.980000 
900.980000 
901.980000 
902.980000 
903.980000 
904.980000 
905.980000 
906.980000 
907.980000 
908.980000 
909.980000 
910.980000 
911.980000 
912.980000 
913.980000 
914.980000 
915.980000 
916.980000 
917.980000 
918.980000 
919.980000 
920.980000 
921.980000 
922.980000 
923.980000 
924.980000 
925.980000 
926.980000 
927.980000 
928.980000 
929.980000 
930.980000 
931.980000 
932.980000 
933.980000 
934.980000 
935.980000 
936.980000 
937.980000 
938.980000 
939.980000 
940.980000 
941.980000 
942.980000 
943.980000 
944.980000 
945.980000 
946.980000 
947.980000 
948.980000 
949.980000 
950.980000 
951.980000 
952.980000 
953.980000 
954.980000 
955.980000 
956.980000 
957.980000 
958.980000 
959.980000 
960.980000 
961.980000 
962.980000 
963.980000 
964.980000 
965.980000 
966.980000 
967.980000 
968.980000 
969.980000 
970.980000 
971.980000 
972.980000 
973.980000 
974.980000 
975.980000 
976.980000 
977.980000 
978.980000 
979.980000 
980.980000 
981.980000 
982.980000 
983.980000 
984.980000 
985.980000 
986.980000 
987.980000 
988.980000 
989.980000 
990.980000 
991.980000 
992.980000 
993.980000 
994.980000 
995.980000 
996.980000 
997.980000 
998.980000 
999.980000 
